4 SHA-256 10000 40 8 0.002 0.98 100000 0 100000
4 SHA-256 10000 40 8 0.002 0.98 100000 1 100000
4 SHA-256 10000 40 8 0.002 0.98 100000 1 100000
4 SHA-256 10000 40 8 0.002 0.98 100000 1 100000
4 SHA-256 10000 40 8 0.002 0.98 100000 1 100000
4 SHA-256 10000 40 8 0.002 0.98 100000 1 100000
4 SHA-256 10000 40 8 0.002 0.98 100000 1 100000
4 SHA-256 10000 40 8 0.002 0.98 100000 1 100000

4 SHA-256 10000 40 8 0.004 0.98 100000 0 100000
4 SHA-256 10000 40 8 0.004 0.98 100000 1 100000
4 SHA-256 10000 40 8 0.004 0.98 100000 1 100000
4 SHA-256 10000 40 8 0.004 0.98 100000 1 100000
4 SHA-256 10000 40 8 0.004 0.98 100000 1 100000
4 SHA-256 10000 40 8 0.004 0.98 100000 1 100000
4 SHA-256 10000 40 8 0.004 0.98 100000 1 100000
4 SHA-256 10000 40 8 0.004 0.98 100000 1 100000

4 SHA-256 10000 40 8 0.002 0.95 100000 0 100000
4 SHA-256 10000 40 8 0.002 0.95 100000 1 100000
4 SHA-256 10000 40 8 0.002 0.95 100000 1 100000
4 SHA-256 10000 40 8 0.002 0.95 100000 1 100000
4 SHA-256 10000 40 8 0.002 0.95 100000 1 100000
4 SHA-256 10000 40 8 0.002 0.95 100000 1 100000
4 SHA-256 10000 40 8 0.002 0.95 100000 1 100000
4 SHA-256 10000 40 8 0.002 0.95 100000 1 100000

4 SHA-256 10000 40 8 0.004 0.95 100000 0 100000
4 SHA-256 10000 40 8 0.004 0.95 100000 1 100000
4 SHA-256 10000 40 8 0.004 0.95 100000 1 100000
4 SHA-256 10000 40 8 0.004 0.95 100000 1 100000
4 SHA-256 10000 40 8 0.004 0.95 100000 1 100000
4 SHA-256 10000 40 8 0.004 0.95 100000 1 100000
4 SHA-256 10000 40 8 0.004 0.95 100000 1 100000
4 SHA-256 10000 40 8 0.004 0.95 100000 1 100000

4 SHA-256 10000 40 8 0.002 0.90 100000 0 100000
4 SHA-256 10000 40 8 0.002 0.90 100000 1 100000
4 SHA-256 10000 40 8 0.002 0.90 100000 1 100000
4 SHA-256 10000 40 8 0.002 0.90 100000 1 100000
4 SHA-256 10000 40 8 0.002 0.90 100000 1 100000
4 SHA-256 10000 40 8 0.002 0.90 100000 1 100000
4 SHA-256 10000 40 8 0.002 0.90 100000 1 100000
4 SHA-256 10000 40 8 0.002 0.90 100000 1 100000

4 SHA-256 10000 40 8 0.004 0.90 100000 0 100000
4 SHA-256 10000 40 8 0.004 0.90 100000 1 100000
4 SHA-256 10000 40 8 0.004 0.90 100000 1 100000
4 SHA-256 10000 40 8 0.004 0.90 100000 1 100000
4 SHA-256 10000 40 8 0.004 0.90 100000 1 100000
4 SHA-256 10000 40 8 0.004 0.90 100000 1 100000
4 SHA-256 10000 40 8 0.004 0.90 100000 1 100000
4 SHA-256 10000 40 8 0.004 0.90 100000 1 100000

